144671.3 166351.8 185350.1 172163 176186.2
178309.5 108239.2 49009.05 133272.3 220888.2
114273.9 181997.4 214182.9 195519.8 181885.7
169927.9 315097.6 192837.7 161658 147576.9
187473.4 115838.5 273636.5 231169.6 231728.4
204795.5 234634 109468.5 97398.95 165457.7
113603.4 186020.6 225805.4 192725.9 145341.8
214853.4 190602.6 139083.5 205913 159646.5
273748.3 175292.2 112262.4 197643.1 321467.6
197307.9 157187.8 132154.7 99969.31 197307.9
205466 203901.4 108239.2 156517.3 165234.2
185797.1 139418.8 129025.6 201219.3 147688.7
154394 168586.9 184679.6 137966 218206.1
271177.9 185908.9 253185.4 215747.4 123661.4
267266.5 172833.5 145788.8 116285.5 108239.2
236645.6 190826.1 190937.8 186467.6 240557
246815.3 173951.1 180656.4 113156.4 235192.8
111591.8 157634.9 151488.3 150259 236198.6
181550.4 108239.2 192278.9 215300.4 281794.6
181326.9 201219.3 175292.2 133719.3 104663
109356.7 103880.7 176186.2 158864.2 169704.4
100192.8 160093.5 171269 230163.8 134613.3
242121.6 207924.6 266372.4 200548.8 134389.8
114721 168810.4 279112.5 124443.6 137630.7
107568.6 220888.2 252291.3 157858.4 159870
172163 216865 316326.9 224240.8 108239.2
130590.2 174062.8 175515.7 207812.8 148471
198090.2 179203.6 163669.6 226475.9 204795.5
218988.3 220217.6 166128.2 192278.9 132043
185350.1 226475.9 129584.4 139530.6 255308.7
176968.5 117179.6 173280.6 170039.7 153611.7
229381.5 186020.6 217535.5 169927.9 111591.8
217759 197196.1 159087.7 113044.6 193508.2
164787.2 159199.4 132043 246033 148918
187473.4 83317.82 147800.4 148694.5 140648.1
149812 207142.3 198984.2 120197 177974.3
156740.8 176968.5 198872.4 125896.5 127908.1
191384.9 166351.8 149365 204460.2 206471.8
194402.2 212953.6 163669.6 122096.8 194067
178533 122320.3 217759 281906.4 211724.3
146794.6 229716.8 163669.6 194067 152941.2
311968.5 187361.7 373545.4 141095.1 156629.1
202783.9 123326.1 141206.9 131484.2 220664.7
129807.9 153723.4 264249.1 135507.4 203454.4
231616.6 117850.1 308280.5 185797.1 171045.5
133719.3 257543.8 163893.1 438586.8 102874.9
187249.9 189596.8 165234.2 171716 181773.9
145118.3 210495 179427.1 107903.9 164563.7
150817.8 172163 184679.6 201666.3 147353.4
191496.6 128131.6 372427.9 113379.9 174398.1
186579.4 208818.6 141206.9 193731.7 118967.7
249162.2 110362.5 96169.64 177080.2 257543.8
116285.5 190490.8 252626.6 159534.7 206360
114944.5 148471 123996.6 111591.8 168698.6
102874.9 111368.3 210830.2 201889.8 141095.1
208818.6 238545.5 164116.7 165904.7 106451.1
173057.1 237427.9 203566.2 157858.4 250056.2
136960.2 275983.4 201778.1 123773.1 86111.7
121985 163893.1 195631.6 145788.8 156405.6
175403.9 249385.7 149365 224687.8 169369.1
240110 305598.4 172610 188032.2 274642.3
182779.7 116509 169480.9 139754.1 163893.1
133272.3 146682.9 179203.6 168698.6 113826.9
98628.25 209936.2 312974.3 215300.4 308280.5
82088.52 167916.3 211277.2 108239.2 126455.2
97510.7 139530.6 151711.9 143442 168139.8
121985 171939.5 273189.5 144336 139977.6
108239.2 265031.4 227370 142883.2 217088.5
196749.1 402043 125002.4 194067 132378.2
192837.7 157187.8 285482.5 158528.9 159981.7
138189.5 311521.4 134278.1 233069.5 129249.1
212394.8 176968.5 127908.1 130590.2 240333.5
158305.4 122320.3 275648.1 163222.6 161769.8
180879.9 154729.2 285706 244133.2 197196.1
211277.2 143553.7 196749.1 136177.9 264584.4
150817.8 264696.1 142995 169704.4 206136.5
106451.1 194961 292634.9 92146.46 186132.4
219658.9 177303.7 78624.12 128355.1 261120
106115.8 200437 183338.5 190937.8 139530.6
169927.9 196525.6 146124.1 307386.5 186020.6
108239.2 270060.4 234298.8 167692.8 129249.1
290511.5 197084.4 146235.9 197754.9 173951.1
164228.4 234410.5 157187.8 214182.9 250391.5
114273.9 108239.2 154729.2 241227.6 210047.9
129696.1 197419.6 109133.2 167245.8 155623.3
176968.5 171492.5 219100.1 296769.8 159422.9
113603.4 149588.5 131596 179538.8 179874.1
195631.6 178644.8 151376.6 123549.6 230834.4
152717.7 186914.7 108239.2 187920.5 184679.6
127908.1 152047.1 136960.2 148471 199654.7
124331.9 207589.3 171045.5 157076.1 110474.3
112932.9 176968.5 124331.9 226699.4 224464.3
86782.23 164451.9 188814.5 209712.7 205689.5
249944.5 154058.7 270283.9 133719.3 133048.8
204907.2 138748.3 178644.8 143442 192502.4
140648.1 184679.6 302357.5 116285.5 154058.7
267713.5 129584.4 127908.1 261678.7 211947.8
148694.5 122543.8 289505.7 287494.1 179762.3
186802.9 171716 151488.3 194961 174398.1
108239.2 211947.8 145788.8 118744.1 355664.6
49105.46 70795.87 89794.35 76608.02 80631.38
82754.67 12633.18 -46724.96 37697.05 125311.2
18676.63 86442.26 118612.1 99960.84 86330.52
74372.67 219329 97279.79 66100.89 52013.03
91917.22 20243.32 177976.4 135581.3 136139.4
109231.6 139041.3 13864.32 1775.316 69901.62
18005.18 90464.74 130223.3 97168.08 49776.46
119282 95045.46 43513.47 110348.4 64088.61
178088 79737.33 16662.24 102083.2 225679
101748.1 61629.03 36578.42 4350.096 101748.1
109901.7 108338.1 12633.18 60958.21 69678.06
90241.28 43849 33446.12 105657.5 52124.86
58833.89 73031.4 89123.95 42394.98 122631.7
175523.1 90353.01 157564.8 120175.3 28075.96
171619.7 77278.6 50223.78 20690.94 12633.18
141050.3 95268.9 95380.62 90911.66 144956.3
151205.2 78396.22 85101.35 17557.53 139599.4
15990.75 62076.24 55926.77 54696.77 140603.9
85995.3 12633.18 96721.22 119728.6 186116.2
85771.81 105657.5 79737.33 38144.49 9051.489
13752.4 8267.958 80631.38 63306.03 74149.12
4573.983 64535.79 75713.89 134576.7 39039.37
146518.6 112358.6 170727.5 104987.4 38815.65
19124.26 73254.95 183440.3 28859.14 42059.43
11961.63 125311.2 156672.3 62299.84 64312.2
76608.02 121291.8 220554.6 128660.4 12633.18
35012.3 78507.98 79960.84 112246.9 52907.63
102530 83648.66 68113.08 130893.1 109231.6
123413.2 124641.3 70572.31 96721.22 36466.56
89794.35 130893.1 34005.48 43960.85 159684.5
81413.66 21586.15 77725.65 74484.44 58051.22
133795.4 90464.74 121961.8 74372.67 15990.75
122185.1 101636.4 63529.63 17445.62 97950.07
69230.93 63641.42 36466.56 150424.1 53354.92
91917.22 -12332.59 52236.68 53131.28 45079.3
54249.49 111576.9 103423.6 24607.38 82419.42
61181.82 81413.66 103311.9 30313.6 32327.39
95827.49 70795.87 53802.21 108896.5 110906.8
98843.76 117383.8 68113.08 26509.54 98508.63
82978.17 26733.31 122185.1 186227.7 116155.5
51230.24 134130.2 68113.08 98508.63 57380.35
216209.4 91805.49 277559.7 45526.66 61070.02
107221.2 27740.3 45638.51 35907.24 125087.9
34229.22 58163.03 168608.3 39934.22 107891.3
136027.8 22257.56 212532.4 90241.28 75490.36
38144.49 161915.6 68336.66 342271.5 7260.54
91693.76 94039.98 69678.06 76160.96 86218.78
49552.79 114927.1 83872.15 12297.4 69007.36
55255.86 76608.02 89123.95 106104.3 51789.38
95939.21 32551.14 276447 17781.35 78843.26
91023.39 113252 45638.51 98173.49 23376.54
153548.3 14759.67 543.8485 81525.41 161915.6
20690.94 94933.74 157007 63976.81 110795.1
19348.08 52907.63 28411.61 15990.75 73143.17
7260.54 15766.92 115262.1 106327.7 45526.66
113252 142947.5 68560.23 70348.75 10842.37
77502.13 141831.5 108003 62299.84 154440.9
41388.32 180318.2 106216 28187.84 -9533.054
26397.65 68336.66 100072.5 50223.78 60846.41
79849.09 153771.5 53802.21 129106.9 73813.81
144509.9 209858.1 77055.08 92475.85 178980.1
87224.44 20914.74 73925.58 44184.54 68336.66
37697.05 51118.42 83648.66 73143.17 18228.99
3006.751 114368.7 217212.2 119728.6 212532.4
-13564.44 72360.75 115708.8 12633.18 30873
1887.266 43960.85 56150.4 47875.28 72584.3
26397.65 76384.49 177530.4 48769.96 44408.23
12633.18 169389.1 131786.1 47316.1 121515.1
101189.6 305924.1 29418.56 98508.63 36802.15
97279.79 61629.03 189795.3 62970.64 64424
42618.68 215763.7 38703.79 137478.8 33669.87
116825.4 81413.66 32327.39 35012.3 144733.1
62747.04 26733.31 179983.6 67665.94 66212.68
85324.84 59169.32 190018.3 148527.2 101636.4
115708.8 47987.12 101189.6 40605.35 168942.9
55255.86 169054.5 47427.94 74149.12 110571.8
10842.37 99402.3 196929.8 -3486.644 90576.47
124083.1 81748.91 -17036.2 32774.89 165485.2
10506.58 104875.7 87783.13 95380.62 43960.85
74372.67 100966.2 50559.27 211641 90464.74
12633.18 174407.9 138706.5 72137.2 33669.87
194811.9 101524.7 50671.1 102194.9 78396.22
68672.01 138818.1 61629.03 118612.1 154775.6
18676.63 12633.18 59169.32 145625.9 114480.4
34117.35 101859.8 13528.55 71690.09 60063.78
81413.66 75937.42 123524.9 201053.9 63865.02
18005.18 54025.85 36019.1 83983.9 84319.14
100072.5 83089.92 55814.95 27964.07 135246.4
57156.73 91358.58 12633.18 92364.12 89123.95
32327.39 56485.84 41388.32 52907.63 104093.8
28747.26 112023.6 75490.36 61517.23 14871.59
17333.71 81413.66 28747.26 131116.3 128883.7
-8861.191 68895.58 93257.92 114145.4 110125
154329.3 58498.47 174630.9 38144.49 37473.33
109343.3 43177.92 83089.92 47875.28 96944.65
45079.3 89123.95 206626.4 20690.94 58498.47
172065.8 34005.48 32327.39 166042.9 116378.8
53131.28 26957.09 193808.6 191802 84207.39
91246.85 76160.96 55926.77 99402.3 78843.26
12633.18 116378.8 50223.78 23152.74 259753.3
240237.1 261907.6 280905.8 267718 271741
273864.4 203845.2 144743.1 228847.5 316465.1
209871.3 277552.6 309753.7 291078.8 277440.9
265483.2 410866.2 288395.6 257215.2 243140.8
283029.7 211433.7 369296.6 326758 327317.4
300359.3 330226.7 205072.7 193022.6 261013.8
209201.7 281576.5 321387.5 288283.8 240907.2
310424.8 286159.7 234653.6 301477.6 255204.3
369408.6 270847 207862.5 293203.1 417256.2
292867.6 252746.7 227731.1 195588.5 292867.6
301030.3 299464.8 203845.2 252076.4 260790.4
281353 234988.6 224605.1 296781.1 243252.5
249954.1 264142.3 280235.2 233537 313780.4
366832.7 281464.7 348805.9 311319.6 219246.8
362913.2 268388.5 241353.9 211880.1 203845.2
332241 286383.3 286495.1 282023.6 336157.8
342425.4 269506 276211.4 208755.3 330786.2
207192.9 253193.5 247049.9 245821.3 331793.3
277105.6 203845.2 287836.6 310872.2 377473
276882 296781.1 270847 229294.1 200274.6
204961.1 199493.5 271741 254422.3 265259.7
195811.7 255651.2 266824.1 325751 230187.3
337724.6 303490.6 362017.4 296110.2 229964
210317.7 264365.8 374784.7 220028.1 233202
203175.7 316465.1 347910.3 253416.9 255427.7
267718 312438.2 412099.3 319821.2 203845.2
226168 269617.7 271070.5 303378.7 244034.3
293650.3 274758.5 259226.2 322058.8 300359.3
314563.5 315794 261684.2 287836.6 227619.4
280905.8 322058.8 225163.3 235100.3 350932.9
272523.3 212773 268835.5 265594.9 249172.2
324967.7 281576.5 313109.3 265483.2 207192.9
313333 292755.8 254645.7 208643.7 289066.3
260343.4 254757.5 227619.4 341641.9 244481
283029.7 178968.2 243364.2 244257.7 236216.9
245374.6 302707.8 294544.8 215786.5 273529.1
252299.8 272523.3 294433 221479.3 223488.7
286942.2 261907.6 244927.8 300023.9 302036.8
289960.7 308523.4 259226.2 217684 289625.3
274087.9 217907.3 313333 377585.1 307293.1
242359 325303.4 259226.2 289625.3 248502
407727.5 282917.9 469531.2 236663.6 252188.1
298346.5 218911.9 236775.3 227061.2 316241.4
225386.6 249283.9 359889.9 231080.6 299017.5
327205.5 213442.7 404028.7 281353 266600.6
229294.1 353172 259449.6 534902.2 198489.3
282806.1 285153.6 260790.4 267271 277329.1
240683.8 306062.8 274982 203510.4 260120
246379.8 267718 280235.2 297228.3 242917.4
287054 223712 468408.8 208978.5 269953
282135.4 304385.3 236775.3 289289.9 214558.8
344776 205965.4 191795.4 272635.1 353172
211880.1 286047.9 348246.2 255092.6 301924.9
210540.9 244034.3 219581.6 207192.9 264254
198489.3 206969.7 306398.3 297452 236663.6
304385.3 334143.4 259673.1 261460.7 202059.8
268612 333024.3 299129.3 253416.9 345671.5
232532.1 371648.6 297340.2 219358.4 181756.4
217572.4 259449.6 291190.6 241353.9 251964.7
270958.7 344999.9 244927.8 320268.7 264924.5
335710.1 401338.8 268165 283588.6 370304.6
278335 212103.3 265036.2 235323.6 259449.6
228847.5 242247.4 274758.5 264254 209424.9
194249.8 305503.6 408736.3 310872.2 404028.7
177741.5 263471.9 306845.7 203845.2 222037.5
193134.1 235100.3 247273.3 239008.7 263695.4
217572.4 267494.5 368848.6 239902.1 235546.9
203845.2 360673.7 322953.8 238450.3 312661.9
292308.6 498161.8 220586.3 289625.3 227954.3
288395.6 252746.7 381169.7 254087.2 255539.4
233760.3 407279.1 229852.4 328660.2 224828.4
307964.1 272523.3 223488.7 226168 335934
253863.8 217907.3 371312.6 258779.3 257326.9
276435 250289.2 381393.8 339739.2 292755.8
306845.7 239120.4 292308.6 231750.5 360225.8
246379.8 360337.8 238562 265259.7 301701.3
202059.8 290519.7 388339.9 187779.6 281688.3
315234.6 272858.6 174284.4 223935.3 356754.7
201725.1 295998.4 278893.9 286495.1 235100.3
265483.2 292085 241688.9 403132 281576.5
203845.2 365712.8 329891 263248.4 224828.4
386211.2 292644 241800.6 293314.9 269506
259784.8 330002.9 252746.7 309753.7 346007.3
209871.3 203845.2 250289.2 336829.3 305615.5
225274.9 292979.4 204737.9 262801.5 251182.8
272523.3 267047.5 314675.3 392485.7 254980.9
209201.7 245151.2 227172.8 275093.8 275429.1
291190.6 274199.7 246938.2 219135.1 326422.3
248278.6 282470.8 203845.2 283476.8 280235.2
223488.7 247608.4 232532.1 244034.3 295215.7
219916.5 303155.1 266600.6 252635 206077
208532.1 272523.3 219916.5 322282.5 320045
182425.6 260008.3 284371.1 305280 301254
345559.6 249619 365936.8 229294.1 228624.2
300471.2 234318.6 274199.7 239008.7 288060.2
236216.9 280235.2 398088.7 211880.1 249619
363361.2 225163.3 223488.7 357314.6 307516.8
244257.7 218130.5 385202.8 383186.2 275317.3
282359 267271 247049.9 290519.7 269953
203845.2 307516.8 241353.9 214335.5 451576
